     a, micro m Kramers-Kr, nJ          Drude    Marachevsky     Gen_Plasma      Drude-Lor      Bren-Borm     T=0 Gen_Pl        Casimir
          0.700          0.956          0.951          0.929          1.136          0.931          0.934          0.738          1.264
          0.910          0.427          0.426          0.418          0.537          0.419          0.420          0.335          0.575
          1.120          0.224          0.224          0.220          0.298          0.221          0.221          0.179          0.309
          1.330          0.131          0.131          0.129          0.184          0.130          0.130          0.107          0.184
          1.540          0.083          0.083          0.082          0.123          0.082          0.083          0.069          0.119
          1.750          0.056          0.056          0.056          0.087          0.056          0.056          0.047          0.081
          1.960          0.040          0.040          0.040          0.065          0.040          0.040          0.033          0.058
          2.170          0.030          0.030          0.030          0.050          0.030          0.030          0.024          0.042
          2.380          0.023          0.023          0.023          0.040          0.023          0.023          0.018          0.032
          2.590          0.018          0.018          0.018          0.033          0.018          0.018          0.014          0.025
          2.800          0.015          0.015          0.015          0.027          0.015          0.015          0.011          0.020
          3.010          0.012          0.012          0.012          0.023          0.012          0.012          0.009          0.016
          3.220          0.010          0.010          0.010          0.020          0.010          0.010          0.007          0.013
          3.430          0.009          0.009          0.009          0.017          0.009          0.009          0.006          0.011
          3.640          0.008          0.008          0.008          0.015          0.008          0.008          0.005          0.009
          3.850          0.007          0.007          0.007          0.013          0.007          0.007          0.004          0.008
          4.060          0.006          0.006          0.006          0.012          0.006          0.006          0.004          0.006
          4.270          0.006          0.006          0.006          0.011          0.006          0.006          0.003          0.006
          4.480          0.005          0.005          0.005          0.010          0.005          0.005          0.003          0.005
          4.690          0.005          0.005          0.005          0.009          0.005          0.005          0.002          0.004
          4.900          0.004          0.004          0.004          0.008          0.004          0.004          0.002          0.004
          5.110          0.004          0.004          0.004          0.008          0.004          0.004          0.002          0.003
          5.320          0.004          0.004          0.004          0.007          0.004          0.004          0.002          0.003
          5.530          0.003          0.003          0.003          0.006          0.003          0.003          0.001          0.003
          5.740          0.003          0.003          0.003          0.006          0.003          0.003          0.001          0.002
          5.950          0.003          0.003          0.003          0.006          0.003          0.003          0.001          0.002
          6.160          0.003          0.003          0.003          0.005          0.003          0.003          0.001          0.002
          6.370          0.002          0.002          0.002          0.005          0.002          0.002          0.001          0.002
          6.580          0.002          0.002          0.002          0.005          0.002          0.002          0.001          0.002
          6.790          0.002          0.002          0.002          0.004          0.002          0.002          0.001          0.001
          7.000          0.002          0.002          0.002          0.004          0.002          0.002          0.001          0.001
