     a, micro m Kramers-Kr, nN          Drude    Marachevsky     Gen_Plasma      Drude-Lor      Bren-Borm        Casimir
          0.700         -0.004         -0.004         -0.004         -0.005         -0.004         -0.004         -0.005
          0.910         -0.001         -0.001         -0.001         -0.002         -0.001         -0.001         -0.002
          1.120         -0.001         -0.001         -0.001         -0.001         -0.001         -0.001         -0.001
          1.330         -0.000         -0.000         -0.000         -0.000         -0.000         -0.000         -0.000
          1.540         -0.000         -0.000         -0.000         -0.000         -0.000         -0.000         -0.000
          1.750         -0.000         -0.000         -0.000         -0.000         -0.000         -0.000         -0.000
          1.960         -0.000         -0.000         -0.000         -0.000         -0.000         -0.000         -0.000
          2.170         -0.000         -0.000         -0.000         -0.000         -0.000         -0.000         -0.000
          2.380         -0.000         -0.000         -0.000         -0.000         -0.000         -0.000         -0.000
          2.590         -0.000         -0.000         -0.000         -0.000         -0.000         -0.000         -0.000
          2.800         -0.000         -0.000         -0.000         -0.000         -0.000         -0.000         -0.000
          3.010         -0.000         -0.000         -0.000         -0.000         -0.000         -0.000         -0.000
          3.220         -0.000         -0.000         -0.000         -0.000         -0.000         -0.000         -0.000
          3.430         -0.000         -0.000         -0.000         -0.000         -0.000         -0.000         -0.000
          3.640         -0.000         -0.000         -0.000         -0.000         -0.000         -0.000         -0.000
          3.850         -0.000         -0.000         -0.000         -0.000         -0.000         -0.000         -0.000
          4.060         -0.000         -0.000         -0.000         -0.000         -0.000         -0.000         -0.000
          4.270         -0.000         -0.000         -0.000         -0.000         -0.000         -0.000         -0.000
          4.480         -0.000         -0.000         -0.000         -0.000         -0.000         -0.000         -0.000
          4.690         -0.000         -0.000         -0.000         -0.000         -0.000         -0.000         -0.000
          4.900         -0.000         -0.000         -0.000         -0.000         -0.000         -0.000         -0.000
          5.110         -0.000         -0.000         -0.000         -0.000         -0.000         -0.000         -0.000
          5.320         -0.000         -0.000         -0.000         -0.000         -0.000         -0.000         -0.000
          5.530         -0.000         -0.000         -0.000         -0.000         -0.000         -0.000         -0.000
          5.740         -0.000         -0.000         -0.000         -0.000         -0.000         -0.000         -0.000
          5.950         -0.000         -0.000         -0.000         -0.000         -0.000         -0.000         -0.000
          6.160         -0.000         -0.000         -0.000         -0.000         -0.000         -0.000         -0.000
          6.370         -0.000         -0.000         -0.000         -0.000         -0.000         -0.000         -0.000
          6.580         -0.000         -0.000         -0.000         -0.000         -0.000         -0.000         -0.000
          6.790         -0.000         -0.000         -0.000         -0.000         -0.000         -0.000         -0.000
          7.000         -0.000         -0.000         -0.000         -0.000         -0.000         -0.000         -0.000
