     a, micro m     Kramers-Kr          Drude    Marachevsky     Gen_Plasma      Drude-Lor      Bren-Borm     T=0 Gen_Pl        Casimir
          0.100          0.506          0.474          0.499          0.536          0.501          0.501          0.587
          0.200          0.634          0.621          0.629          0.667          0.632          0.635          0.587
          0.300          0.692          0.685          0.688          0.723          0.691          0.694          0.586
          0.400          0.720          0.716          0.717          0.748          0.720          0.723          0.586
          0.500          0.733          0.730          0.731          0.759          0.733          0.735          0.585
          0.600          0.738          0.736          0.735          0.762          0.737          0.740          0.585
          0.700          0.737          0.736          0.735          0.760          0.737          0.739          0.584
          0.800          0.734          0.732          0.732          0.756          0.733          0.735          0.584
          0.900          0.728          0.727          0.727          0.751          0.728          0.730          0.583
          1.000          0.722          0.722          0.721          0.746          0.722          0.724          0.582
          1.100          0.716          0.716          0.715          0.741          0.716          0.717          0.582
          1.200          0.710          0.710          0.709          0.736          0.710          0.711          0.581
          1.300          0.705          0.704          0.704          0.733          0.704          0.706          0.580
          1.400          0.700          0.699          0.699          0.730          0.700          0.701          0.580
          1.500          0.696          0.695          0.695          0.729          0.696          0.697          0.579
          1.600          0.693          0.692          0.692          0.729          0.693          0.694          0.579
          1.700          0.691          0.691          0.690          0.731          0.691          0.692          0.579
          1.800          0.690          0.690          0.690          0.735          0.690          0.691          0.578
          1.900          0.691          0.690          0.690          0.740          0.691          0.691          0.577
          2.000          0.692          0.692          0.692          0.746          0.692          0.693          0.576
          2.100          0.695          0.695          0.695          0.754          0.695          0.696          0.576
          2.200          0.700          0.700          0.699          0.764          0.700          0.700          0.575
          2.300          0.705          0.705          0.705          0.775          0.705          0.706          0.574
          2.400          0.712          0.712          0.712          0.788          0.712          0.712          0.575
          2.500          0.720          0.720          0.719          0.802          0.720          0.720          0.573
          2.600          0.729          0.729          0.728          0.818          0.729          0.729          0.573
          2.700          0.739          0.739          0.739          0.835          0.739          0.739          0.572
          2.800          0.750          0.750          0.750          0.854          0.750          0.750          0.572
          2.900          0.762          0.762          0.762          0.874          0.762          0.762          0.571
          3.000          0.775          0.775          0.775          0.895          0.775          0.775          0.571
