energy, eV	Re eps	Im eps
4.974E-02	-1.713E+04	1.088E+04
5.165E-02	-1.625E+04	1.020E+04
5.356E-02	-1.543E+04	9.564E+03
5.548E-02	-1.471E+04	8.987E+03
5.739E-02	-1.403E+04	8.451E+03
5.930E-02	-1.338E+04	7.949E+03
6.121E-02	-1.279E+04	7.487E+03
6.313E-02	-1.226E+04	7.064E+03
6.504E-02	-1.173E+04	6.662E+03
6.696E-02	-1.126E+04	6.293E+03
6.887E-02	-1.081E+04	5.950E+03
7.078E-02	-1.040E+04	5.628E+03
7.269E-02	-9.985E+03	5.325E+03
7.461E-02	-9.619E+03	5.048E+03
7.652E-02	-9.261E+03	4.784E+03
7.843E-02	-8.925E+03	4.539E+03
8.035E-02	-8.607E+03	4.310E+03
8.226E-02	-8.306E+03	4.094E+03
8.417E-02	-8.020E+03	3.892E+03
8.608E-02	-7.749E+03	3.702E+03
8.800E-02	-7.492E+03	3.524E+03
8.991E-02	-7.246E+03	3.356E+03
9.183E-02	-7.010E+03	3.200E+03
9.374E-02	-6.788E+03	3.050E+03
9.565E-02	-6.575E+03	2.910E+03
9.756E-02	-6.372E+03	2.780E+03
9.947E-02	-6.176E+03	2.655E+03
1.014E-01	-5.990E+03	2.537E+03
1.033E-01	-5.813E+03	2.426E+03
1.052E-01	-5.641E+03	2.322E+03
1.071E-01	-5.479E+03	2.223E+03
1.090E-01	-5.321E+03	2.129E+03
1.110E-01	-5.172E+03	2.041E+03
1.129E-01	-5.028E+03	1.956E+03
1.148E-01	-4.888E+03	1.877E+03
1.167E-01	-4.756E+03	1.801E+03
1.186E-01	-4.628E+03	1.729E+03
1.205E-01	-4.504E+03	1.660E+03
1.224E-01	-4.386E+03	1.596E+03
1.243E-01	-4.273E+03	1.535E+03
1.263E-01	-4.163E+03	1.476E+03
1.282E-01	-4.058E+03	1.421E+03
1.301E-01	-3.956E+03	1.368E+03
1.320E-01	-3.857E+03	1.318E+03
1.339E-01	-3.762E+03	1.268E+03
1.358E-01	-3.671E+03	1.223E+03
1.377E-01	-3.583E+03	1.179E+03
1.396E-01	-3.498E+03	1.138E+03
1.416E-01	-3.415E+03	1.097E+03
1.435E-01	-3.335E+03	1.059E+03
1.454E-01	-3.259E+03	1.023E+03
1.473E-01	-3.184E+03	9.882E+02
1.492E-01	-3.113E+03	9.550E+02
1.511E-01	-3.043E+03	9.232E+02
1.530E-01	-2.976E+03	8.928E+02
1.550E-01	-2.911E+03	8.636E+02
1.569E-01	-2.847E+03	8.355E+02
1.588E-01	-2.786E+03	8.088E+02
1.607E-01	-2.726E+03	7.831E+02
1.626E-01	-2.669E+03	7.584E+02
1.645E-01	-2.614E+03	7.349E+02
1.664E-01	-2.560E+03	7.121E+02
1.683E-01	-2.507E+03	6.903E+02
1.703E-01	-2.456E+03	6.694E+02
1.722E-01	-2.406E+03	6.493E+02
1.741E-01	-2.359E+03	6.300E+02
1.760E-01	-2.313E+03	6.115E+02
1.779E-01	-2.267E+03	5.936E+02
1.798E-01	-2.223E+03	5.765E+02
1.817E-01	-2.180E+03	5.599E+02
1.836E-01	-2.138E+03	5.439E+02
1.856E-01	-2.098E+03	5.285E+02
1.875E-01	-2.059E+03	5.138E+02
1.894E-01	-2.021E+03	4.995E+02
1.913E-01	-1.983E+03	4.857E+02
1.932E-01	-1.948E+03	4.726E+02
1.951E-01	-1.912E+03	4.598E+02
1.970E-01	-1.877E+03	4.474E+02
1.990E-01	-1.844E+03	4.356E+02
2.009E-01	-1.812E+03	4.240E+02
2.028E-01	-1.780E+03	4.130E+02
2.047E-01	-1.749E+03	4.022E+02
2.066E-01	-1.719E+03	3.918E+02
2.085E-01	-1.689E+03	3.819E+02
2.104E-01	-1.660E+03	3.722E+02
2.123E-01	-1.633E+03	3.628E+02
2.143E-01	-1.606E+03	3.538E+02
2.162E-01	-1.579E+03	3.451E+02
2.181E-01	-1.553E+03	3.365E+02
2.200E-01	-1.527E+03	3.283E+02
2.219E-01	-1.503E+03	3.204E+02
2.238E-01	-1.478E+03	3.127E+02
2.257E-01	-1.455E+03	3.053E+02
2.276E-01	-1.432E+03	2.981E+02
2.296E-01	-1.409E+03	2.911E+02
2.315E-01	-1.387E+03	2.843E+02
2.334E-01	-1.365E+03	2.777E+02
2.353E-01	-1.344E+03	2.713E+02
2.372E-01	-1.324E+03	2.651E+02
2.391E-01	-1.304E+03	2.592E+02
2.410E-01	-1.284E+03	2.533E+02
2.429E-01	-1.265E+03	2.477E+02
2.449E-01	-1.246E+03	2.422E+02
2.468E-01	-1.228E+03	2.368E+02
2.487E-01	-1.210E+03	2.317E+02
2.506E-01	-1.193E+03	2.267E+02
2.525E-01	-1.175E+03	2.217E+02
2.544E-01	-1.158E+03	2.170E+02
2.563E-01	-1.142E+03	2.125E+02
2.583E-01	-1.125E+03	2.079E+02
2.602E-01	-1.110E+03	2.036E+02
2.621E-01	-1.095E+03	1.993E+02
2.640E-01	-1.079E+03	1.952E+02
2.659E-01	-1.064E+03	1.912E+02
2.678E-01	-1.050E+03	1.873E+02
2.697E-01	-1.035E+03	1.835E+02
2.716E-01	-1.021E+03	1.798E+02
2.736E-01	-1.007E+03	1.762E+02
2.755E-01	-9.943E+02	1.727E+02
2.774E-01	-9.812E+02	1.693E+02
2.793E-01	-9.683E+02	1.660E+02
2.812E-01	-9.554E+02	1.627E+02
2.831E-01	-9.432E+02	1.596E+02
2.850E-01	-9.304E+02	1.564E+02
2.869E-01	-9.184E+02	1.534E+02
2.889E-01	-9.070E+02	1.506E+02
2.908E-01	-8.952E+02	1.476E+02
2.927E-01	-8.839E+02	1.449E+02
2.946E-01	-8.728E+02	1.422E+02
2.965E-01	-8.623E+02	1.396E+02
2.984E-01	-8.513E+02	1.370E+02
3.003E-01	-8.409E+02	1.345E+02
3.023E-01	-8.306E+02	1.320E+02
3.042E-01	-8.203E+02	1.296E+02
3.061E-01	-8.107E+02	1.273E+02
3.080E-01	-8.006E+02	1.250E+02
3.099E-01	-7.911E+02	1.228E+02
3.118E-01	-7.816E+02	1.206E+02
3.137E-01	-7.722E+02	1.184E+02
3.156E-01	-7.634E+02	1.164E+02
3.176E-01	-7.541E+02	1.143E+02
3.195E-01	-7.455E+02	1.124E+02
3.214E-01	-7.368E+02	1.104E+02
3.233E-01	-7.282E+02	1.085E+02
3.252E-01	-7.202E+02	1.067E+02
3.271E-01	-7.117E+02	1.049E+02
3.290E-01	-7.038E+02	1.031E+02
3.310E-01	-6.959E+02	1.014E+02
3.329E-01	-6.881E+02	9.968E+01
3.348E-01	-6.803E+02	9.801E+01
3.367E-01	-6.726E+02	9.641E+01
3.386E-01	-6.654E+02	9.480E+01
3.405E-01	-6.582E+02	9.326E+01
3.424E-01	-6.506E+02	9.175E+01
3.443E-01	-6.435E+02	9.028E+01
3.463E-01	-6.365E+02	8.882E+01
3.482E-01	-6.300E+02	8.741E+01
3.501E-01	-6.230E+02	8.602E+01
3.520E-01	-6.166E+02	8.468E+01
3.539E-01	-6.097E+02	8.331E+01
3.558E-01	-6.034E+02	8.198E+01
3.577E-01	-5.970E+02	8.072E+01
3.596E-01	-5.907E+02	7.946E+01
3.616E-01	-5.850E+02	7.825E+01
3.635E-01	-5.787E+02	7.706E+01
3.654E-01	-5.730E+02	7.590E+01
3.673E-01	-5.668E+02	7.473E+01
3.692E-01	-5.612E+02	7.359E+01
3.711E-01	-5.556E+02	7.247E+01
3.730E-01	-5.499E+02	7.139E+01
3.749E-01	-5.444E+02	7.033E+01
3.769E-01	-5.388E+02	6.927E+01
3.788E-01	-5.333E+02	6.826E+01
3.807E-01	-5.282E+02	6.725E+01
3.826E-01	-5.232E+02	6.628E+01
3.845E-01	-5.178E+02	6.530E+01
3.864E-01	-5.128E+02	6.435E+01
3.883E-01	-5.079E+02	6.345E+01
3.903E-01	-5.030E+02	6.251E+01
3.922E-01	-4.981E+02	6.162E+01
3.941E-01	-4.932E+02	6.074E+01
3.960E-01	-4.888E+02	5.989E+01
3.979E-01	-4.840E+02	5.907E+01
3.998E-01	-4.792E+02	5.820E+01
4.017E-01	-4.748E+02	5.741E+01
4.036E-01	-4.705E+02	5.663E+01
4.056E-01	-4.662E+02	5.585E+01
4.075E-01	-4.615E+02	5.505E+01
4.094E-01	-4.572E+02	5.428E+01
4.113E-01	-4.530E+02	5.356E+01
4.132E-01	-4.492E+02	5.286E+01
4.151E-01	-4.450E+02	5.215E+01
4.170E-01	-4.408E+02	5.144E+01
4.189E-01	-4.370E+02	5.076E+01
4.209E-01	-4.329E+02	5.006E+01
4.228E-01	-4.291E+02	4.939E+01
4.247E-01	-4.250E+02	4.873E+01
4.266E-01	-4.213E+02	4.811E+01
4.285E-01	-4.177E+02	4.745E+01
4.304E-01	-4.140E+02	4.683E+01
4.323E-01	-4.104E+02	4.622E+01
4.343E-01	-4.068E+02	4.565E+01
4.362E-01	-4.032E+02	4.505E+01
4.381E-01	-3.996E+02	4.448E+01
4.400E-01	-3.964E+02	4.391E+01
4.419E-01	-3.928E+02	4.335E+01
4.438E-01	-3.893E+02	4.280E+01
4.457E-01	-3.861E+02	4.227E+01
4.476E-01	-3.830E+02	4.175E+01
4.496E-01	-3.795E+02	4.121E+01
4.515E-01	-3.764E+02	4.069E+01
4.534E-01	-3.733E+02	4.017E+01
4.553E-01	-3.703E+02	3.970E+01
4.572E-01	-3.668E+02	3.920E+01
4.591E-01	-3.638E+02	3.870E+01
4.610E-01	-3.611E+02	3.825E+01
4.629E-01	-3.581E+02	3.778E+01
4.649E-01	-3.551E+02	3.732E+01
4.668E-01	-3.521E+02	3.687E+01
4.687E-01	-3.491E+02	3.642E+01
4.706E-01	-3.465E+02	3.599E+01
4.725E-01	-3.436E+02	3.555E+01
4.744E-01	-3.410E+02	3.514E+01
4.763E-01	-3.380E+02	3.471E+01
4.782E-01	-3.355E+02	3.431E+01
4.802E-01	-3.326E+02	3.390E+01
4.821E-01	-3.300E+02	3.351E+01
4.840E-01	-3.275E+02	3.312E+01
4.859E-01	-3.250E+02	3.274E+01
4.878E-01	-3.225E+02	3.236E+01
4.897E-01	-3.200E+02	3.199E+01
4.916E-01	-3.175E+02	3.162E+01
4.935E-01	-3.150E+02	3.126E+01
4.955E-01	-3.125E+02	3.090E+01
4.974E-01	-3.101E+02	3.055E+01
4.993E-01	-3.076E+02	3.020E+01
5.012E-01	-3.052E+02	2.986E+01
5.031E-01	-3.031E+02	2.953E+01
5.050E-01	-3.007E+02	2.920E+01
5.069E-01	-2.982E+02	2.886E+01
5.089E-01	-2.962E+02	2.855E+01
5.108E-01	-2.938E+02	2.823E+01
5.127E-01	-2.917E+02	2.792E+01
5.146E-01	-2.894E+02	2.761E+01
5.184E-01	-2.853E+02	2.702E+01
5.203E-01	-2.830E+02	2.671E+01
5.223E-01	-2.809E+02	2.643E+01
5.242E-01	-2.789E+02	2.615E+01
5.261E-01	-2.770E+02	2.587E+01
5.280E-01	-2.750E+02	2.559E+01
5.299E-01	-2.730E+02	2.532E+01
5.337E-01	-2.690E+02	2.478E+01
5.356E-01	-2.671E+02	2.452E+01
5.375E-01	-2.651E+02	2.426E+01
5.395E-01	-2.632E+02	2.401E+01
5.433E-01	-2.596E+02	2.351E+01
5.452E-01	-2.577E+02	2.327E+01
5.471E-01	-2.558E+02	2.302E+01
5.490E-01	-2.539E+02	2.278E+01
5.529E-01	-2.504E+02	2.232E+01
5.548E-01	-2.488E+02	2.210E+01
5.567E-01	-2.469E+02	2.186E+01
5.586E-01	-2.454E+02	2.165E+01
5.624E-01	-2.420E+02	2.121E+01
5.643E-01	-2.404E+02	2.100E+01
5.662E-01	-2.386E+02	2.078E+01
5.701E-01	-2.355E+02	2.038E+01
5.720E-01	-2.340E+02	2.018E+01
5.758E-01	-2.306E+02	1.978E+01
5.777E-01	-2.291E+02	1.958E+01
5.796E-01	-2.276E+02	1.939E+01
5.835E-01	-2.246E+02	1.902E+01
5.854E-01	-2.231E+02	1.883E+01
5.892E-01	-2.201E+02	1.847E+01
5.911E-01	-2.187E+02	1.829E+01
5.949E-01	-2.160E+02	1.795E+01
5.969E-01	-2.145E+02	1.778E+01
6.007E-01	-2.116E+02	1.744E+01
6.026E-01	-2.105E+02	1.728E+01
6.064E-01	-2.076E+02	1.695E+01
6.083E-01	-2.064E+02	1.680E+01
6.121E-01	-2.036E+02	1.648E+01
6.141E-01	-2.024E+02	1.634E+01
6.179E-01	-1.999E+02	1.604E+01
6.199E-01	-1.982E+02	1.584E+01
6.230E-01	-1.965E+02	1.565E+01
6.262E-01	-1.946E+02	1.543E+01
6.294E-01	-1.926E+02	1.521E+01
6.326E-01	-1.907E+02	1.499E+01
6.358E-01	-1.888E+02	1.478E+01
6.391E-01	-1.871E+02	1.457E+01
6.424E-01	-1.852E+02	1.436E+01
6.457E-01	-1.833E+02	1.415E+01
6.491E-01	-1.814E+02	1.395E+01
6.525E-01	-1.796E+02	1.375E+01
6.560E-01	-1.777E+02	1.355E+01
6.595E-01	-1.758E+02	1.335E+01
6.630E-01	-1.740E+02	1.316E+01
6.666E-01	-1.722E+02	1.296E+01
6.702E-01	-1.703E+02	1.277E+01
6.738E-01	-1.685E+02	1.258E+01
6.775E-01	-1.667E+02	1.240E+01
6.812E-01	-1.649E+02	1.221E+01
6.850E-01	-1.631E+02	1.203E+01
6.888E-01	-1.613E+02	1.185E+01
6.926E-01	-1.596E+02	1.167E+01
6.965E-01	-1.578E+02	1.150E+01
7.005E-01	-1.560E+02	1.133E+01
7.045E-01	-1.543E+02	1.115E+01
7.085E-01	-1.526E+02	1.099E+01
7.126E-01	-1.509E+02	1.082E+01
7.167E-01	-1.491E+02	1.065E+01
7.208E-01	-1.474E+02	1.049E+01
7.251E-01	-1.457E+02	1.033E+01
7.293E-01	-1.441E+02	1.017E+01
7.336E-01	-1.424E+02	1.001E+01
7.380E-01	-1.407E+02	9.857E+00
7.424E-01	-1.391E+02	9.704E+00
7.469E-01	-1.374E+02	9.551E+00
7.514E-01	-1.358E+02	9.400E+00
7.560E-01	-1.339E+02	9.243E+00
7.606E-01	-1.323E+02	9.098E+00
7.653E-01	-1.307E+02	8.953E+00
7.701E-01	-1.291E+02	8.809E+00
7.749E-01	-1.275E+02	8.667E+00
7.798E-01	-1.260E+02	8.528E+00
7.847E-01	-1.244E+02	8.390E+00
7.897E-01	-1.228E+02	8.253E+00
7.948E-01	-1.213E+02	8.117E+00
7.999E-01	-1.196E+02	7.977E+00
8.051E-01	-1.180E+02	7.844E+00
8.104E-01	-1.165E+02	7.713E+00
8.157E-01	-1.150E+02	7.586E+00
8.211E-01	-1.135E+02	7.458E+00
8.266E-01	-1.120E+02	7.333E+00
8.321E-01	-1.103E+02	7.201E+00
8.377E-01	-1.089E+02	7.078E+00
8.434E-01	-1.074E+02	6.958E+00
8.492E-01	-1.060E+02	6.837E+00
8.551E-01	-1.045E+02	6.719E+00
8.610E-01	-1.029E+02	6.595E+00
8.670E-01	-1.015E+02	6.479E+00
9.184E-01	-8.984E+01	5.519E+00
9.253E-01	-8.847E+01	5.416E+00
9.322E-01	-8.708E+01	5.312E+00
9.393E-01	-8.571E+01	5.211E+00
9.464E-01	-8.436E+01	5.111E+00
9.537E-01	-8.297E+01	5.001E+00
9.611E-01	-8.159E+01	4.894E+00
9.686E-01	-8.023E+01	4.789E+00
9.763E-01	-7.887E+01	4.684E+00
9.840E-01	-7.753E+01	4.581E+00
9.919E-01	-7.620E+01	4.480E+00
9.999E-01	-7.488E+01	4.380E+00
1.008E+00	-7.357E+01	4.282E+00
1.016E+00	-7.226E+01	4.186E+00
1.025E+00	-7.097E+01	4.089E+00
1.033E+00	-6.968E+01	3.995E+00
1.042E+00	-6.840E+01	3.904E+00
1.051E+00	-6.715E+01	3.812E+00
1.060E+00	-6.590E+01	3.723E+00
1.069E+00	-6.464E+01	3.635E+00
1.078E+00	-6.341E+01	3.548E+00
1.088E+00	-6.219E+01	3.463E+00
1.097E+00	-6.096E+01	3.379E+00
1.107E+00	-5.977E+01	3.298E+00
1.117E+00	-5.857E+01	3.217E+00
1.127E+00	-5.738E+01	3.137E+00
1.137E+00	-5.621E+01	3.060E+00
1.148E+00	-5.505E+01	2.984E+00
1.159E+00	-5.390E+01	2.908E+00
1.170E+00	-5.274E+01	2.835E+00
1.181E+00	-5.160E+01	2.764E+00
1.192E+00	-5.049E+01	2.693E+00
1.204E+00	-4.937E+01	2.623E+00
1.216E+00	-4.825E+01	2.556E+00
1.228E+00	-4.716E+01	2.490E+00
1.240E+00	-4.607E+01	2.425E+00
1.252E+00	-4.501E+01	2.362E+00
1.265E+00	-4.393E+01	2.299E+00
1.278E+00	-4.287E+01	2.240E+00
1.291E+00	-4.183E+01	2.182E+00
1.305E+00	-4.079E+01	2.124E+00
1.319E+00	-3.976E+01	2.068E+00
1.333E+00	-3.875E+01	2.014E+00
1.348E+00	-3.774E+01	1.961E+00
1.362E+00	-3.674E+01	1.910E+00
1.378E+00	-3.575E+01	1.860E+00
1.393E+00	-3.476E+01	1.812E+00
1.409E+00	-3.379E+01	1.765E+00
1.425E+00	-3.283E+01	1.721E+00
1.442E+00	-3.189E+01	1.679E+00
1.459E+00	-3.095E+01	1.637E+00
1.476E+00	-3.001E+01	1.597E+00
1.494E+00	-2.909E+01	1.559E+00
1.512E+00	-2.818E+01	1.524E+00
1.531E+00	-2.727E+01	1.490E+00
1.550E+00	-2.637E+01	1.458E+00
1.569E+00	-2.548E+01	1.428E+00
1.590E+00	-2.461E+01	1.400E+00
1.610E+00	-2.375E+01	1.375E+00
1.631E+00	-2.289E+01	1.351E+00
1.653E+00	-2.203E+01	1.330E+00
1.675E+00	-2.119E+01	1.312E+00
1.698E+00	-2.036E+01	1.296E+00
1.722E+00	-1.953E+01	1.282E+00
1.746E+00	-1.871E+01	1.272E+00
1.771E+00	-1.790E+01	1.265E+00
1.797E+00	-1.710E+01	1.261E+00
1.823E+00	-1.631E+01	1.262E+00
1.851E+00	-1.552E+01	1.265E+00
1.879E+00	-1.475E+01	1.273E+00
1.907E+00	-1.397E+01	1.285E+00
1.937E+00	-1.321E+01	1.302E+00
1.968E+00	-1.245E+01	1.325E+00
2.000E+00	-1.170E+01	1.352E+00
2.033E+00	-1.095E+01	1.386E+00
2.066E+00	-1.021E+01	1.427E+00
2.101E+00	-9.472E+00	1.477E+00
2.138E+00	-8.730E+00	1.535E+00
2.175E+00	-7.992E+00	1.603E+00
2.214E+00	-7.247E+00	1.686E+00
2.254E+00	-6.500E+00	1.789E+00
2.296E+00	-5.734E+00	1.919E+00
2.339E+00	-4.959E+00	2.092E+00
2.384E+00	-4.170E+00	2.329E+00
2.431E+00	-3.390E+00	2.660E+00
2.480E+00	-2.655E+00	3.108E+00
2.530E+00	-2.028E+00	3.673E+00
2.583E+00	-1.578E+00	4.309E+00
2.638E+00	-1.340E+00	4.925E+00
2.695E+00	-1.273E+00	5.424E+00
2.755E+00	-1.273E+00	5.755E+00
2.818E+00	-1.246E+00	5.959E+00
2.883E+00	-1.178E+00	6.122E+00
2.952E+00	-1.120E+00	6.277E+00
3.024E+00	-1.110E+00	6.400E+00
3.100E+00	-1.120E+00	6.435E+00
3.179E+00	-1.087E+00	6.387E+00
3.263E+00	-9.727E-01	6.310E+00
3.351E+00	-7.843E-01	6.273E+00
3.444E+00	-5.906E-01	6.316E+00
3.542E+00	-4.523E-01	6.436E+00
3.647E+00	-4.066E-01	6.582E+00
3.757E+00	-4.687E-01	6.697E+00
3.874E+00	-6.137E-01	6.739E+00
3.999E+00	-7.970E-01	6.659E+00
4.133E+00	-9.615E-01	6.448E+00
4.201E+00	-5.245E-01	6.813E+00
4.301E+00	-5.754E-01	6.620E+00
4.400E+00	-6.858E-01	6.361E+00
4.501E+00	-7.140E-01	6.104E+00
4.601E+00	-7.661E-01	5.823E+00
4.701E+00	-7.925E-01	5.516E+00
4.801E+00	-7.935E-01	5.258E+00
4.901E+00	-6.631E-01	5.060E+00
5.000E+00	-4.742E-01	4.856E+00
5.101E+00	-3.436E-01	4.700E+00
5.202E+00	-2.416E-01	4.557E+00
5.302E+00	-1.427E-01	4.415E+00
5.401E+00	-7.037E-02	4.298E+00
5.502E+00	2.310E-01	4.384E+00
5.601E+00	6.864E-02	4.090E+00
5.701E+00	1.413E-01	3.992E+00
5.800E+00	1.901E-01	3.906E+00
5.902E+00	2.493E-01	3.832E+00
6.002E+00	3.164E-01	3.714E+00
6.200E+00	5.601E-01	3.468E+00
6.359E+00	6.589E-01	3.332E+00
6.527E+00	7.481E-01	3.239E+00
6.703E+00	8.539E-01	3.193E+00
6.889E+00	9.837E-01	3.190E+00
7.086E+00	1.105E+00	3.210E+00
7.294E+00	1.162E+00	3.251E+00
7.516E+00	1.091E+00	3.305E+00
7.750E+00	9.761E-01	3.280E+00
8.000E+00	8.748E-01	3.213E+00
8.267E+00	7.992E-01	3.127E+00
8.552E+00	7.351E-01	3.019E+00
8.858E+00	7.004E-01	2.916E+00
8.921E+00	6.975E-01	2.892E+00
8.986E+00	6.925E-01	2.870E+00
9.052E+00	6.897E-01	2.846E+00
9.118E+00	6.814E-01	2.818E+00
9.186E+00	6.744E-01	2.799E+00
9.254E+00	6.716E-01	2.776E+00
9.324E+00	6.729E-01	2.747E+00
9.394E+00	6.721E-01	2.720E+00
9.466E+00	6.692E-01	2.697E+00
9.539E+00	6.705E-01	2.668E+00
9.613E+00	6.661E-01	2.652E+00
9.688E+00	6.659E-01	2.631E+00
9.764E+00	6.670E-01	2.603E+00
9.842E+00	6.641E-01	2.580E+00
9.920E+00	6.632E-01	2.555E+00
1.000E+01	6.642E-01	2.527E+00
1.008E+01	6.613E-01	2.504E+00
1.016E+01	6.623E-01	2.477E+00
1.025E+01	6.651E-01	2.447E+00
1.033E+01	6.622E-01	2.424E+00
1.042E+01	6.630E-01	2.397E+00
1.051E+01	6.600E-01	2.375E+00
1.060E+01	6.676E-01	2.349E+00
1.069E+01	6.683E-01	2.323E+00
1.078E+01	6.615E-01	2.306E+00
1.088E+01	6.585E-01	2.284E+00
1.097E+01	6.579E-01	2.264E+00
1.107E+01	6.652E-01	2.239E+00
1.117E+01	6.731E-01	2.219E+00
1.127E+01	6.833E-01	2.200E+00
1.138E+01	6.910E-01	2.179E+00
1.148E+01	7.003E-01	2.156E+00
1.159E+01	7.126E-01	2.139E+00
1.170E+01	7.242E-01	2.118E+00
1.181E+01	7.329E-01	2.105E+00
1.192E+01	7.366E-01	2.090E+00
1.204E+01	7.438E-01	2.069E+00
1.216E+01	7.450E-01	2.052E+00
1.228E+01	7.479E-01	2.033E+00
1.240E+01	7.411E-01	2.006E+00
1.253E+01	7.255E-01	1.978E+00
1.265E+01	7.101E-01	1.949E+00
1.278E+01	6.916E-01	1.926E+00
1.292E+01	6.725E-01	1.898E+00
1.305E+01	6.491E-01	1.868E+00
1.319E+01	6.243E-01	1.840E+00
1.333E+01	6.022E-01	1.814E+00
1.348E+01	5.825E-01	1.789E+00
1.363E+01	5.684E-01	1.762E+00
1.378E+01	5.513E-01	1.740E+00
1.393E+01	5.376E-01	1.713E+00
1.409E+01	5.224E-01	1.688E+00
1.425E+01	5.111E-01	1.664E+00
1.442E+01	5.004E-01	1.643E+00
1.459E+01	4.977E-01	1.624E+00
1.476E+01	4.908E-01	1.603E+00
1.494E+01	4.901E-01	1.587E+00
1.512E+01	4.910E-01	1.568E+00
1.531E+01	4.954E-01	1.549E+00
1.550E+01	5.038E-01	1.533E+00
1.570E+01	5.107E-01	1.519E+00
1.590E+01	5.239E-01	1.501E+00
1.610E+01	5.404E-01	1.482E+00
1.632E+01	5.525E-01	1.469E+00
1.653E+01	5.715E-01	1.454E+00
1.676E+01	5.916E-01	1.447E+00
1.699E+01	6.097E-01	1.438E+00
1.722E+01	6.333E-01	1.439E+00
1.747E+01	6.612E-01	1.442E+00
1.772E+01	6.959E-01	1.458E+00
1.797E+01	7.213E-01	1.480E+00
1.824E+01	7.535E-01	1.521E+00
1.851E+01	7.840E-01	1.562E+00
1.879E+01	8.096E-01	1.596E+00
1.908E+01	8.299E-01	1.640E+00
1.938E+01	8.057E-01	1.689E+00
1.968E+01	7.669E-01	1.730E+00
2.000E+01	7.204E-01	1.765E+00
2.033E+01	6.539E-01	1.803E+00
2.067E+01	5.778E-01	1.810E+00
2.102E+01	4.883E-01	1.801E+00
2.138E+01	4.041E-01	1.777E+00
2.176E+01	3.220E-01	1.737E+00
2.214E+01	2.511E-01	1.671E+00
2.255E+01	1.969E-01	1.596E+00
2.296E+01	1.566E-01	1.510E+00
2.340E+01	1.601E-01	1.415E+00
2.385E+01	2.128E-01	1.291E+00
2.431E+01	2.566E-01	1.195E+00
2.480E+01	3.065E-01	1.097E+00
2.531E+01	3.557E-01	1.015E+00
2.583E+01	3.965E-01	9.560E-01
2.601E+01	3.418E-01	1.217E+00
2.638E+01	4.307E-01	9.371E-01
2.700E+01	3.978E-01	1.137E+00
2.800E+01	4.434E-01	1.094E+00
2.901E+01	4.602E-01	1.084E+00
2.950E+01	4.488E-01	1.082E+00
3.000E+01	4.232E-01	1.070E+00
3.051E+01	3.957E-01	1.046E+00
3.101E+01	3.690E-01	1.014E+00
3.201E+01	3.231E-01	9.177E-01
3.301E+01	3.447E-01	8.044E-01
3.401E+01	3.831E-01	7.369E-01
3.501E+01	4.204E-01	6.875E-01
3.601E+01	4.464E-01	6.508E-01
3.701E+01	4.681E-01	6.162E-01
3.800E+01	4.880E-01	5.869E-01
3.901E+01	5.042E-01	5.599E-01
4.001E+01	5.205E-01	5.311E-01
4.101E+01	5.379E-01	5.066E-01
4.201E+01	5.546E-01	4.872E-01
4.301E+01	5.660E-01	4.713E-01
4.400E+01	5.717E-01	4.551E-01
4.501E+01	5.751E-01	4.347E-01
4.601E+01	5.835E-01	4.089E-01
4.701E+01	5.978E-01	3.851E-01
4.801E+01	6.120E-01	3.663E-01
4.901E+01	6.287E-01	3.497E-01
5.000E+01	6.440E-01	3.378E-01
5.202E+01	6.678E-01	3.188E-01
5.401E+01	6.867E-01	3.053E-01
5.601E+01	7.035E-01	2.928E-01
5.800E+01	7.138E-01	2.859E-01
6.002E+01	7.185E-01	2.796E-01
6.200E+01	7.135E-01	2.680E-01
6.402E+01	7.128E-01	2.520E-01
6.603E+01	7.142E-01	2.328E-01
6.802E+01	7.156E-01	2.120E-01
7.002E+01	7.219E-01	1.920E-01
7.201E+01	7.331E-01	1.719E-01
7.403E+01	7.466E-01	1.611E-01
7.603E+01	7.545E-01	1.521E-01
7.804E+01	7.589E-01	1.432E-01
8.000E+01	7.652E-01	1.321E-01
8.201E+01	7.715E-01	1.202E-01
8.300E+01	7.772E-01	1.155E-01
8.351E+01	7.792E-01	1.127E-01
8.401E+01	7.845E-01	1.124E-01
8.453E+01	7.843E-01	1.162E-01
8.499E+01	7.826E-01	1.150E-01
8.600E+01	7.812E-01	1.086E-01
8.702E+01	7.835E-01	1.022E-01
8.751E+01	7.854E-01	9.910E-02
8.801E+01	7.873E-01	9.850E-02
1.000E+02	7.883E-01	8.072E-02
1.050E+02	8.088E-01	6.354E-02
1.100E+02	8.291E-01	5.156E-02
1.200E+02	8.627E-01	3.307E-02
1.500E+02	9.273E-01	1.945E-02
1.800E+02	9.583E-01	2.095E-02
2.000E+02	9.662E-01	2.261E-02
2.200E+02	9.721E-01	2.327E-02
2.600E+02	9.760E-01	2.095E-02
3.000E+02	9.820E-01	1.774E-02
3.954E+02	9.905E-01	1.224E-02
4.522E+02	9.918E-01	1.215E-02
5.004E+02	9.920E-01	1.116E-02
5.250E+02	9.925E-01	7.492E-03
5.730E+02	9.930E-01	5.680E-03
6.376E+02	9.933E-01	5.342E-03
7.050E+02	9.942E-01	4.666E-03
7.765E+02	9.947E-01	3.710E-03
8.517E+02	9.952E-01	3.132E-03
9.296E+02	9.958E-01	2.455E-03
1.012E+03	9.964E-01	1.877E-03
1.188E+03	9.974E-01	1.065E-03
1.254E+03	9.977E-01	8.790E-04
1.487E+03	9.982E-01	6.194E-04
1.550E+03	9.983E-01	5.335E-04
1.772E+03	9.988E-01	3.358E-04
2.067E+03	9.993E-01	1.975E-04
2.480E+03	9.994E-01	4.719E-04
3.100E+03	9.995E-01	2.399E-04
3.543E+03	9.996E-01	1.814E-04
4.134E+03	9.997E-01	1.050E-04
4.960E+03	9.998E-01	5.499E-05
6.200E+03	9.998E-01	2.500E-05
7.086E+03	9.999E-01	1.556E-05
8.267E+03	9.999E-01	9.040E-06
8.552E+03	9.999E-01	8.040E-06
9.186E+03	9.999E-01	6.260E-06
9.920E+03	9.999E-01	4.780E-06
  0.10000000116860974       -2313.0144096777185       -2170.7893553047934       -2119.5928525088439       -2323.9073674428178       -2128.7988420779384       -2130.2480108292211       -2495.8209993956284       -4249.2340273452110     
  0.20000000233721948       -1427.8640921856593       -1391.3378852115220       -1337.3107970906738       -1482.9982805186871       -1343.4860345685800       -1349.9199345186312       -1247.1018862106389       -2124.6170136726055     
  0.30000001061125658       -1027.2418509266392       -1011.9767266481526       -975.30961541122792       -1097.6490540008729       -979.14243354482608       -983.65945703805960       -830.54882370767280       -1416.4113089010448     
  0.40000000467443897       -795.46535954487410       -787.43761607462511       -762.04619180761051       -873.19182437279949       -764.58446550813449       -767.72099641445720       -622.50426313804905       -1062.3085068363027     
  0.49999999873762135       -644.15554732868668       -639.33869708597490       -621.00491045768581       -726.05920078695908       -622.78595612150195       -625.04662046916792       -497.57496671561461       -849.84681754609153     
  0.60000002122251317       -537.76129964066320       -534.61529499826111       -520.88862998019113       -622.32977679054227       -522.19518450348085       -523.88354433519203       -414.12576838733668       -708.20565445052239     
  0.69999998686398612       -459.07295694515597       -456.89371144159202       -446.31468285644701       -545.47802217033700       -447.30626896418261       -448.60431455292530       -354.54673155506106       -607.03345096316741     
  0.80000000934887794       -398.71377781469744       -397.13768538049186       -388.79582189133384       -486.45812866787833       -389.56842235978189       -390.58971592384069       -310.11970882963755       -531.15425341815137     
  0.90000003183376975       -351.12912515236667       -349.95118816728234       -343.25249920853997       -439.89308786744624       -343.86702665815278       -344.68557876283251       -275.22227082887997       -472.13710296701498     
  0.99999999747524271       -312.81477184663555       -311.91138507796444       -306.45291664172856       -402.38144649863824       -306.94980982287979       -307.61575366474142       -247.48838636912839       -424.92340877304576     
   1.0999999631167157       -281.44812679903424       -280.74077937033144       -276.23987959507639       -371.66402369224937       -276.64703149470347       -277.19538639869262       -224.66269385136667       -386.29401995273588     
   1.2000000424450263       -255.42714671607374       -254.86384714768013       -251.11642090591042       -346.17987648194003       -251.45366109411654       -251.90967938467273       -205.72154360081862       -354.10282722526119     
   1.3000000080864993       -233.60972233675392       -233.15479021613197       -230.00982546920559       -324.81434389485901       -230.29161759810282       -230.67395274254693       -189.72440163723513       -326.86415773617733     
   1.3999999737279722       -215.15835653222331       -214.78663696593591       -212.12994952985315       -306.74941099472375       -212.36712721221318       -212.68982491360299       -176.06687507781416       -303.51672548158371     
   1.5000000530562829       -199.44412248929967       -199.13739029057348       -196.88103425588969       -291.36994352578307       -197.08185386827390       -197.35573036978985       -164.05144061597136       -283.28226178020896     
   1.6000000186977559       -185.98474604789061       -185.72953464468401       -183.80459662116718       -278.20381628379977       -183.97549337034059       -184.20899593484424       -153.75699308335612       -265.57712670907569     
   1.6999999843392288       -174.40342860825001       -174.18960016194814       -172.54136795362237       -266.88192731270419       -172.68737809258016       -172.88720994323680       -144.60925578604315       -249.95494800864975     
   1.8000000636675395       -164.40101062095556       -164.22079531741440       -162.80522855918070       -257.11096902235499       -162.93039879879635       -163.10194824761751       -136.52356294734636       -236.06855148350749     
   1.9000000293090125       -155.73651797201342       -155.58386687782669       -154.36512090906797       -248.65448151949110       -154.47272225414036       -154.62036388330856       -129.01808196564147       -223.64389533970299     
   1.9999999949504854       -148.21327129312982       -148.08342359612260       -147.03202629888119       -241.31941159245093       -147.12473322592263       -147.25206398408238       -122.46914614345835       -212.46170438652288     
   2.1000000742787961       -141.66888022156650       -141.55803819872108       -140.64954860280133       -234.94628322369226       -140.72956247454414       -140.83955997327493       -116.57430983795280       -202.34447270014928     
   2.1999999262334313       -135.96796038591114       -135.87306346612235       -135.08704783629926       -229.40200444789465       -135.15620760300493       -135.25135944858278       -111.13324948074089       -193.14700997636794     
   2.3000000055617420       -130.99654718193707       -130.91510257365854       -130.23436844652841       -224.57454271046740       -130.29421971289213       -130.37660636926728       -106.13750356048224       -184.74930724899534     
   2.4000000848900527       -126.65803496569814       -126.58799030236615       -125.99798405977633       -220.36886406757293       -126.04982396219991       -126.12122136479837       -101.75688430561864       -177.05141361263060     
   2.4999999368446879       -122.86994452188725       -122.80960979495940       -122.29794170116095       -216.70380148799987       -122.34287445467696       -122.40478362239548       -97.430868098242556       -169.96936737387429     
   2.6000000161729986       -119.56144890500299       -119.50940013478782       -119.06549522207851       -213.50961932689100       -119.10445778407413       -119.15816140974954       -93.685369985062650       -163.43207886808867     
   2.7000000955013093       -116.67145384248106       -116.62651100119061       -116.24128655201311       -210.72620648463217       -116.27508636295433       -116.32168702098332       -90.086632864327925       -157.37903432233833     
   2.7999999474559445       -114.14705792619951       -114.10821420245888       -113.77386667074111       -208.30142130226989       -113.80319098109433       -113.84363330593625       -86.820376282309823       -151.75836274079185     
   2.9000000267842552       -111.94226830308087       -111.90867424638628       -111.61846918304379       -206.18995565945755       -111.64391504764625       -111.67901731654391       -83.694388861973025       -146.52531164677447     
   3.0000001061125658       -110.01703895286570       -109.98797230871804       -109.73608635504624       -204.35237752057176       -109.75816605134146       -109.78863229694534       -80.824256902203601       -141.64113089010448     
   3.0999999580672011       -108.33640621056236       -108.31124848546871       -108.09264031621382       -202.75423833370854       -108.11179932975558       -108.13823853237361       -78.243296122765528       -137.07206885420416     
   3.2000000373955118       -106.86979376967552       -106.84801093510663       -106.65831388893469       -201.36541027992342       -106.67493689806490       -106.69787912081419       -75.677001004133629       -132.78856335453784     
   3.3000001167238224       -105.59044469834241       -105.57158330905479       -105.40700332585617       -200.15953904911734       -105.42142397761863       -105.44132740354310       -73.319437124792870       -128.76466444554956     
   3.3999999686784577       -104.47492222270598       -104.45858912489732       -104.31583129601272       -199.11351837482889       -104.32833847563025       -104.34560273842474       -71.125908107970815       -124.97747400432488     
   3.5000000480067683       -103.50267577574832       -103.48853165308020       -103.36473560242723       -198.20716151539781       -103.37557967798199       -103.39055141782434       -68.968860245867972       -121.40668624910704     
   3.6000001273350790       -102.65569879641298       -102.64345077339814       -102.53612582153939       -197.42267382618863       -102.54552633171861       -102.55850599472204       -67.040662827647296       -118.03427574175375     
   3.6999999792897142       -101.91819674331580       -101.90759228624064       -101.81457827897570       -196.74453927637774       -101.82272537948327       -101.83397428790482       -65.149555884596182       -114.84416488612779     
   3.8000000586180249       -101.27633804124883       -101.26715813052193       -101.18656263781666       -196.15915262695029       -101.19362127671590       -101.20336783181000       -63.386368496624996       -111.82194766985150     
   3.9000001379463356       -100.71797841587208       -100.71003348352269       -100.64022260597784       -195.65460242859615       -100.64633630944392       -100.65477926849861       -61.738077133578784       -108.95471606931116     
   3.9999999899009708       -100.23249376466288       -100.22561842118940       -100.16516852661334       -195.22042183133712       -100.17046271692114       -100.17777313555459       -60.069820263501384       -106.23085219326144     
   4.0999998418556061       -99.810572726430379       -99.804624573953063       -99.752296843458737       -194.84748374513899       -99.756879399243175       -99.763207564869006       -58.560089987433571       -103.63985953421466     
   4.2000001485575922       -99.444064692561383       -99.438919537312472       -99.393637009026207       -194.52776462540191       -99.397602655175803       -99.403078628373265       -57.133884552810571       -101.17223635007464     
   4.3000000005122274       -99.125842338216799       -99.121392976018114       -99.082219278358721       -194.25424974664045       -99.085649719085964       -99.090387266876860       -55.698632702558790       -98.819397127813815     
   4.3999998524668626       -98.849668313169246       -98.845821887138129       -98.811943345149203       -194.02087540399867       -98.814909923982711       -98.819007253435743       -54.406392436581982       -96.573504988183970     
   4.5000001591688488       -98.610092468073944       -98.606768040880013       -98.577477860566106       -193.82234657622831       -98.580042686883786       -98.583584946097943       -53.154602549838401       -94.427420593402999     
   4.6000000111234840       -98.402356745634037       -98.399484418873030       -98.374168876770099       -193.65396796442468       -98.376385781956046       -98.379447239533221       -51.931262823763511       -92.374653624497668     
   4.6999998630781192       -98.222305460029332       -98.219823949223837       -98.197950462186299       -193.51166618651101       -98.199865793502880       -98.202511243112369       -50.777141546579799       -90.409238314727716     
   4.8000001697801054       -98.066312435584535       -98.064169300727698       -98.045275282592527       -193.39190052343241       -98.046929812677377       -98.049214838553368       -49.710542147884148       -88.525706806315299     
   4.9000000217347406       -97.931218604662618       -97.929368243621923       -97.913052525666743       -193.29163646798918       -97.914481249350402       -97.916454510889380       -48.620432332232689       -86.719062411306325     
   4.9999998736893758       -97.814268906893645       -97.812671689953248       -97.798586528736550       -193.20818741065909       -97.799819882348430       -97.801523436568914       -47.623143390424680       -84.984683686937146     
   5.1000001803913619       -97.713064486668600       -97.711686127025715       -97.699529745132025       -193.13920451749198       -97.700594258300313       -97.702064477637137       -46.584643006828351       -83.318312288296781     
   5.2000000323459972       -97.625518225002224       -97.624329156309059       -97.613840309995055       -193.08269062563315       -97.614758802287056       -97.616027363956675       -45.694965363922485       -81.716039434044333     
   5.2999998843006324       -97.549813614481224       -97.548787997938987       -97.539740418342703       -193.03690026726136       -97.540532682708715       -97.541626915741830       -44.778061139237671       -80.174229618174522     
   5.4000001910026185       -97.484371230810041       -97.483486831272103       -97.475684398167289       -193.00032614718432       -97.476367657002740       -97.477311300587630       -43.921127839397975       -78.689517161169164     
   5.5000000429572538       -97.427819353179402       -97.427056929055169       -97.420329986119697       -192.97157296834118       -97.420919082916754       -97.421732629415999       -43.061880156691110       -77.258800796616640     
   5.5999998949118890       -97.378965889065142       -97.378308735131611       -97.372510452560107       -192.94959885259607       -97.373018211726645       -97.373719474140032       -42.229017328417029       -75.879181370395926     
   5.7000002016138751       -97.336775861985629       -97.336209598037399       -97.331212962967498       -192.93334644965540       -97.331650511342971       -97.332254851477543       -41.472289983794205       -74.547963626370802     
   5.8000000535685103       -97.300351841345616       -97.299864014097636       -97.295559202201744       -192.92199243024834       -97.295936158556572       -97.296456827262801       -40.726107271839886       -73.262655823387234     
   5.8999999055231456       -97.268914984818778       -97.268494802225675       -97.264786854238523       -192.91479401575481       -97.265111555911787       -97.265560032894925       -39.992831182367020       -72.020917712631700     
   6.0000002122251317       -97.241790084447530       -97.241428244740590       -97.238235103011391       -192.91113167275233       -97.238514719493821       -97.238900939928172       -39.293759108581959       -70.820565445052239     
   6.1000000641797669       -97.218392387778962       -97.218080871322840       -97.215331653555651       -192.91043806018780       -97.215572403262826       -97.215904918336136       -38.607048406381175       -69.659574299915079     
   6.1999999161344022       -97.198215115101590       -97.197946957841793       -97.195580439176240       -192.91224328900353       -97.195787683900107       -97.196073915198241       -37.918386385027787       -68.536034427102081     
   6.3000002228363883       -97.180819454512999       -97.180588672009605       -97.178552022139016       -192.91614570113279       -97.178730370735465       -97.178976714029844       -37.327884070005055       -67.448157566716432     
   6.4000000747910235       -97.165825883517257       -97.165627329463888       -97.163874869331366       -192.92176458025094       -97.164028337782412       -97.164240304336559       -36.679259202789879       -66.394281677268921     
   6.4999999267456587       -97.152905836845093       -97.152735024043437       -97.151227415674342       -192.92892435679008       -97.151359436635900       -97.151541785050711       -36.116938795303724       -65.372832690624776     
   6.6000002334476449       -97.141775147478072       -97.141628228779624       -97.140331505682397       -192.93720519936068       -97.140445060227947       -97.140601904686662       -35.493825619424392       -64.382332222774778     
   6.7000000854022801       -97.132188319171462       -97.132061974433242       -97.130946845020659       -192.94647637257466       -97.131044500332834       -97.131179376536977       -34.954141673493467       -63.421403325952966     
   6.7999999373569153       -97.123933027623650       -97.123824402478959       -97.122865600701431       -192.95652488937620       -97.122949566544364       -97.123065535208667       -34.394951972892663       -62.488737002162438     
   6.9000002440589014       -97.116825864899667       -97.116732481321534       -97.115908244421661       -192.96726302287411       -97.115980424886629       -97.116080114106509       -33.876155533262029       -61.583100387001949     
   7.0000000960135367       -97.110708506250504       -97.110628241325699       -97.109919797109356       -192.97839718110220       -97.109981837667448       -97.110067527568646       -33.360100612824702       -60.703343124553520     
