eV	Re eps	Im eps
9919	1.00E+00	3.84E-06
9184	1.00E+00	5.08E-06
8551	1.00E+00	6.58E-06
8266	1.00E+00	9.96E-07
7085	1.00E+00	1.75E-06
6199	1.00E+00	2.86E-06
4959	1.00E+00	6.46E-06
4133	1.00E+00	1.27E-05
3542	1.00E+00	2.24E-05
3100	1.00E+00	3.68E-05
2480	9.99E-01	8.38E-05
2066	9.99E-01	1.65E-04
2000	9.99E-01	1.76E-04
1952	9.99E-01	1.92E-04
1905	9.99E-01	2.10E-04
1860	9.99E-01	2.28E-04
1815	9.99E-01	2.50E-04
1772	9.99E-01	2.72E-04
1771	9.99E-01	2.92E-04
1730	9.99E-01	2.96E-04
1688	9.99E-01	3.24E-04
1648	9.99E-01	3.52E-04
1609	9.99E-01	3.82E-04
1570	9.99E-01	4.18E-04
1550	9.99E-01	3.56E-04
1533	9.99E-01	4.54E-04
1496	9.98E-01	4.96E-04
1487	9.99E-01	3.80E-04
1460	9.98E-01	5.40E-04
1426	9.98E-01	5.84E-04
1392	9.98E-01	6.35E-04
1358	9.98E-01	6.91E-04
1326	9.98E-01	7.51E-04
1294	9.98E-01	8.17E-04
1263	9.98E-01	8.89E-04
1254	9.98E-01	6.39E-04
1233	9.98E-01	9.65E-04
1204	9.98E-01	1.05E-03
1188	9.98E-01	8.79E-04
1175	9.98E-01	1.14E-03
1147	9.98E-01	1.23E-03
1119	9.98E-01	1.34E-03
1093	9.98E-01	1.45E-03
1067	9.98E-01	1.58E-03
1041	9.98E-01	1.72E-03
1016	9.98E-01	1.86E-03
1012	9.98E-01	1.06E-03
992	9.98E-01	1.82E-03
968	9.98E-01	1.94E-03
945	9.98E-01	2.10E-03
929.4	9.98E-01	1.44E-03
923	9.98E-01	2.28E-03
901	9.98E-01	2.46E-03
879	9.99E-01	2.68E-03
858	1.00E+00	1.26E-03
851.5	9.98E-01	1.92E-03
838	9.86E-01	3.87E-04
818	9.98E-01	4.18E-04
798	9.97E-01	4.49E-04
779	9.97E-01	4.83E-04
776.4	9.98E-01	4.19E-04
760	9.97E-01	5.25E-04
742	9.96E-01	5.67E-04
725	9.96E-01	6.11E-04
707	9.96E-01	6.63E-04
704.9	9.97E-01	5.59E-04
690	9.96E-01	7.16E-04
674	9.95E-01	7.72E-04
658	9.95E-01	8.36E-04
642	9.95E-01	9.04E-04
637.5	9.96E-01	7.38E-04
627	9.94E-01	9.75E-04
612	9.94E-01	1.05E-03
597	9.94E-01	1.14E-03
583	9.93E-01	1.23E-03
572.9	9.94E-01	1.22E-03
569	9.93E-01	1.33E-03
555	9.93E-01	1.43E-03
542	9.92E-01	1.54E-03
529	9.92E-01	1.67E-03
524.9	9.93E-01	1.46E-03
516	9.91E-01	1.80E-03
504	9.91E-01	1.94E-03
500.3	9.92E-01	1.81E-03
492	9.90E-01	2.09E-03
480	9.90E-01	2.25E-03
469	9.89E-01	2.41E-03
458	9.89E-01	2.61E-03
452.2	9.91E-01	1.99E-03
447	9.88E-01	2.80E-03
436	9.88E-01	3.02E-03
426	9.87E-01	3.24E-03
415	9.86E-01	3.52E-03
406	9.86E-01	3.75E-03
396	9.85E-01	4.03E-03
395.4	9.88E-01	2.98E-03
386	9.84E-01	4.37E-03
377	9.84E-01	4.68E-03
368	9.83E-01	5.02E-03
359	9.82E-01	5.39E-03
351	9.81E-01	5.77E-03
342	9.80E-01	6.22E-03
334	9.79E-01	6.67E-03
326	9.79E-01	7.14E-03
308	9.78E-01	7.67E-03
306	9.77E-01	8.18E-03
303	9.75E-01	8.83E-03
300	9.76E-01	1.01E-02
296	9.74E-01	9.42E-03
289	9.73E-01	1.01E-02
282	9.72E-01	1.08E-02
275	9.71E-01	1.16E-02
269	9.70E-01	1.23E-02
262	9.68E-01	1.32E-02
260	9.70E-01	1.51E-02
256	9.67E-01	1.41E-02
250	9.66E-01	1.50E-02
244	9.64E-01	1.60E-02
238	9.63E-01	1.72E-02
232	9.61E-01	1.83E-02
227	9.60E-01	1.94E-02
221	9.58E-01	2.08E-02
220	9.62E-01	2.39E-02
216	9.57E-01	2.21E-02
211	9.55E-01	2.35E-02
206	9.53E-01	2.50E-02
201	9.51E-01	2.65E-02
200	9.56E-01	3.11E-02
196	9.50E-01	2.83E-02
191	9.48E-01	3.02E-02
187	9.46E-01	3.17E-02
182	9.44E-01	3.38E-02
180	9.50E-01	3.96E-02
178	9.42E-01	3.57E-02
174	9.40E-01	3.76E-02
170	9.38E-01	3.97E-02
166	9.36E-01	4.20E-02
162	9.34E-01	4.45E-02
158	9.32E-01	4.71E-02
154	9.30E-01	4.98E-02
150	9.28E-01	5.26E-02
147	9.26E-01	5.51E-02
143	9.23E-01	5.84E-02
140	9.21E-01	6.11E-02
136	9.18E-01	6.50E-02
133	9.16E-01	6.84E-02
130	9.14E-01	7.18E-02
127	9.12E-01	7.48E-02
124	9.10E-01	7.81E-02
121	9.08E-01	8.15E-02
120	9.28E-01	1.04E-01
118	9.05E-01	8.52E-02
115	9.02E-01	8.92E-02
112	9.00E-01	9.35E-02
110	8.97E-01	9.64E-02
107	8.94E-01	1.01E-01
105	9.33E-01	1.21E-01
104	8.91E-01	1.06E-01
102	8.88E-01	1.10E-01
100	8.86E-01	1.14E-01
98	8.75E-01	1.50E-01
96	8.73E-01	1.57E-01
94	8.68E-01	1.63E-01
92	8.66E-01	1.70E-01
90	8.67E-01	1.77E-01
88	8.66E-01	1.84E-01
86	8.62E-01	1.91E-01
84	8.57E-01	1.99E-01
82	8.57E-01	2.13E-01
80	8.61E-01	2.27E-01
78	8.71E-01	2.41E-01
76	8.73E-01	2.55E-01
74	8.78E-01	2.59E-01
72	8.86E-01	2.74E-01
70	8.82E-01	2.97E-01
69	8.96E-01	3.09E-01
68	9.22E-01	3.28E-01
67	9.45E-01	3.27E-01
66	9.92E-01	3.29E-01
65	9.89E-01	2.48E-01
64	9.49E-01	2.08E-01
63	9.31E-01	2.10E-01
62	9.17E-01	2.16E-01
61	9.08E-01	2.21E-01
60	8.98E-01	2.25E-01
58	8.84E-01	2.33E-01
56	8.71E-01	2.43E-01
54	8.60E-01	2.53E-01
52	8.46E-01	2.66E-01
50	8.35E-01	2.80E-01
45	7.65E-01	2.28E-01
40	7.16E-01	3.10E-01
35	6.78E-01	4.14E-01
30	6.38E-01	5.47E-01
29	6.32E-01	5.80E-01
28	6.28E-01	6.15E-01
27	6.24E-01	6.50E-01
26	6.14E-01	6.91E-01
25	6.14E-01	7.42E-01
24.5	6.22E-01	7.66E-01
24	6.33E-01	7.80E-01
23.5	6.38E-01	7.98E-01
23	6.47E-01	7.98E-01
22.5	6.34E-01	8.07E-01
22	6.23E-01	8.20E-01
21.5	6.11E-01	8.30E-01
21	5.85E-01	8.46E-01
20.5	5.54E-01	8.80E-01
20	5.36E-01	9.17E-01
19.5	5.14E-01	9.62E-01
19	5.04E-01	1.01E+00
18.5	4.93E-01	1.06E+00
18	4.87E-01	1.12E+00
17.5	4.91E-01	1.18E+00
17	5.06E-01	1.23E+00
16.5	5.15E-01	1.29E+00
16	5.32E-01	1.34E+00
15.75	5.38E-01	1.36E+00
15.5	5.48E-01	1.39E+00
15.25	5.59E-01	1.42E+00
15	5.71E-01	1.44E+00
14.75	5.86E-01	1.46E+00
14.5	6.08E-01	1.48E+00
14.25	6.05E-01	1.48E+00
14	6.45E-01	1.51E+00
13.75	6.49E-01	1.51E+00
13.5	6.48E-01	1.51E+00
13.25	6.68E-01	1.52E+00
13	6.68E-01	1.52E+00
12.75	6.64E-01	1.53E+00
12.5	6.64E-01	1.53E+00
12.25	6.38E-01	1.52E+00
12	6.34E-01	1.53E+00
11.75	6.35E-01	1.53E+00
11.5	5.91E-01	1.50E+00
11.25	5.68E-01	1.49E+00
11	4.92E-01	1.47E+00
10.8	4.28E-01	1.48E+00
10.6	3.73E-01	1.48E+00
10.4	2.64E-01	1.52E+00
10.2	2.05E-01	1.58E+00
10	1.43E-01	1.64E+00
9.8	9.77E-02	1.70E+00
9.6	4.13E-02	1.76E+00
9.4	-5.73E-03	1.83E+00
9.2	-5.45E-02	1.89E+00
9	-8.69E-02	1.95E+00
8.8	-1.58E-01	2.04E+00
8.6	-2.04E-01	2.12E+00
8.4	-2.48E-01	2.20E+00
8.2	-2.77E-01	2.26E+00
8	-3.02E-01	2.32E+00
7.8	-3.52E-01	2.41E+00
7.6	-4.24E-01	2.47E+00
7.4	-4.77E-01	2.55E+00
7.2	-5.52E-01	2.62E+00
7.0	-6.29E-01	2.68E+00
6.8	-7.82E-01	2.75E+00
6.6	-9.40E-01	2.83E+00
6.4	-1.11E+00	2.95E+00
6.2	-1.37E+00	3.08E+00
5.9	-1.75E+00	3.41E+00
5.8	-1.91E+00	3.60E+00
5.7	-2.04E+00	3.77E+00
5.6	-2.16E+00	3.99E+00
5.5	-2.28E+00	4.21E+00
5.4	-2.42E+00	4.50E+00
5.3	-2.50E+00	4.82E+00
5.2	-2.55E+00	5.18E+00
5.1	-2.52E+00	5.51E+00
5.0	-2.45E+00	5.88E+00
4.9	-2.29E+00	6.20E+00
4.8	-2.11E+00	6.46E+00
4.7	-1.88E+00	6.68E+00
4.6	-1.71E+00	6.81E+00
4.5	-1.50E+00	6.91E+00
4.4	-1.32E+00	7.05E+00
4.3	-1.13E+00	7.02E+00
4.2	-1.01E+00	6.99E+00
4.1	-9.33E-01	6.93E+00
4.0	-9.28E-01	6.85E+00
3.9	-9.62E-01	6.81E+00
3.8	-1.10E+00	6.73E+00
3.7	-1.32E+00	6.71E+00
3.6	-1.60E+00	6.79E+00
3.5	-1.80E+00	6.88E+00
3.4	-2.08E+00	7.03E+00
3.3	-2.38E+00	7.18E+00
3.2	-2.70E+00	7.41E+00
3.1	-2.98E+00	7.60E+00
3.0	-3.36E+00	7.86E+00
2.9	-3.73E+00	8.16E+00
2.8	-4.19E+00	8.46E+00
2.7	-4.65E+00	8.89E+00
2.6	-5.14E+00	9.33E+00
2.5	-5.80E+00	9.79E+00
2.4	-6.44E+00	1.05E+01
2.3	-7.11E+00	1.12E+01
2.2	-7.85E+00	1.20E+01
2.1	-8.69E+00	1.29E+01
2.0	-9.60E+00	1.41E+01
1.95	-1.01E+01	1.48E+01
1.90	-1.05E+01	1.54E+01
1.85	-1.10E+01	1.63E+01
1.80	-1.14E+01	1.71E+01
1.75	-1.18E+01	1.81E+01
1.70	-1.23E+01	1.91E+01
1.65	-1.25E+01	2.01E+01
1.60	-1.27E+01	2.09E+01
1.55	-1.30E+01	2.17E+01
1.50	-1.36E+01	2.26E+01
1.45	-1.40E+01	2.36E+01
1.40	-1.44E+01	2.45E+01
1.35	-1.51E+01	2.54E+01
1.30	-1.60E+01	2.66E+01
1.25	-1.69E+01	2.78E+01
1.20	-1.79E+01	2.91E+01
1.15	-1.90E+01	3.05E+01
1.1	-2.01E+01	3.20E+01
1.05	-2.17E+01	3.34E+01
1.00	-2.36E+01	3.51E+01
0.95	-2.61E+01	3.72E+01
0.90	-2.87E+01	3.96E+01
0.85	-3.17E+01	4.26E+01
0.80	-3.51E+01	4.61E+01
0.75	-3.87E+01	4.98E+01
0.70	-4.31E+01	5.37E+01
0.65	-4.91E+01	5.84E+01
0.60	-5.50E+01	6.41E+01
0.55	-6.44E+01	6.96E+01
0.50	-7.67E+01	7.77E+01
0.45	-8.64E+01	8.57E+01
0.40	-1.15E+02	8.76E+01
0.38	-1.31E+02	9.49E+01
0.36	-1.45E+02	1.02E+02
0.34	-1.63E+02	1.09E+02
0.32	-1.85E+02	1.17E+02
0.30	-2.07E+02	1.26E+02
0.28	-2.38E+02	1.38E+02
0.26	-2.74E+02	1.47E+02
0.24	-3.21E+02	1.53E+02
0.22	-3.91E+02	1.66E+02
0.20	-4.89E+02	1.85E+02
0.19	-5.48E+02	2.05E+02
0.18	-6.15E+02	2.24E+02
0.17	-6.96E+02	2.51E+02
0.16	-7.93E+02	2.86E+02
0.15	-9.07E+02	3.34E+02
0.14	-1.04E+03	3.82E+02
0.13	-1.20E+03	4.55E+02
0.12	-1.42E+03	5.45E+02
0.11	-1.68E+03	6.79E+02
0.1	-2.01E+03	8.74E+02
